260 4115 6897 9173 9493 
32 38 39 48 1727 
48 535 587 842 1016 1161 1768 2869 3273 4911 
32 39 48 746 938 1045 2321 5476 
39 225 408 418 1114 1423 1783 1948 5084 
39 
214 4210 9569 
3912 4780 5025 8003 8161 9181 
39 48 984 1481 1874 2297 2388 3276 4945 6893 8691 10908 13918 
38 1018 3814 15050 
938 2351 
10 39 48 485 2559 
675 812 14098 
38 39 48 209 370 
32 39 48 589 1327 2273 10128 10481 
7775 9187 9442 10813 
32 38 39 47 48 785 1191 1956 2378 4251 
32 39 103 389 533 1587 3324 6902 7782 7816 8203 9402 13197 
37 38 39 48 237 956 1885 3845 3867 3973 4432 7769 13153 14933 
39 310 
48 1315 1837 2546 2635 3813 4223 10515 10533 11223 12925 12982 
39 79 7795 
89 220 856 1707 2139 
10789 
48 52 315 525 581 606 810 827 984 1003 1012 2702 3761 4004 6109 6443 12657 
39 155 589 1578 15046 
38 39 56 242 6118 8691 12933 
48 49 69 82 488 830 1337 1459 1930 1987 2341 2543 2785 4267 4270 4317 4871 5105 5351 5968 6383 10525 12935 14019 
39 185 235 677 874 2091 3866 4134 4146 8698 
11 32 39 48 89 438 621 640 1540 2054 2719 12964 13586 
32 38 39 48 351 389 1146 1529 1585 2389 2406 2481 2749 2855 3616 4001 4258 5403 12946 14469 15051 
36 38 39 49 234 664 740 795 956 1219 1818 1819 1938 3311 4433 4486 6810 13052 
38 286 1188 
32 12932 
1357 1974 
11 48 78 320 407 464 1976 2440 2495 2897 4272 4546 6190 6722 7829 11454 11768 12873 
250 4639 12932 
18 32 39 48 1715 2159 
39 48 994 2634 4009 13874 
39 4383 7588 12951 
39 48 876 
2831 11841 
32 38 48 110 225 370 682 903 1126 1854 2624 2965 3221 3299 5144 10446 
66 117 501 817 976 1025 1096 3324 4248 5326 
39 193 4098 9579 
38 39 48 55 225 792 2479 3005 14944 
264 3053 4233 12954 14248 
309 1079 1080 1269 1378 3719 
31 39 48 78 89 492 593 906 1062 2343 2389 2523 2968 3172 5405 5997 12775 13242 
39 460 1990 
39 65 2820 5931 12173 
39 46 225 347 386 399 405 525 730 821 857 880 931 966 1096 1368 1738 1829 2137 2263 2783 2854 2951 2965 3035 3483 3897 4113 4642 4942 5279 6131 6404 6529 7658 8867 9674 10515 10792 13108 13132 13786 13977 
39 48 2883 8092 
48 2343 2552 
2 32 237 475 845 1899 2624 
39 48 1435 2177 15052 
39 136 1163 11501 
32 36 39 48 
39 653 753 
32 156 15053 
48 78 185 251 490 518 571 704 820 1294 1455 1806 2118 2588 2958 3051 3270 3294 3513 4890 4917 5074 5888 5983 6129 6768 10419 10420 10422 10446 10653 12604 13062 13239 15052 
48 89 156 1470 4310 5767 10481 10821 12935 
2749 
38 39 1188 
32 39 1333 1433 2838 
38 48 89 153 170 209 1791 13062 
39 48 65 212 289 442 734 979 1403 2967 5580 5948 8068 10905 11471 14015 
39 48 53 77 525 639 662 703 1277 1783 1930 2783 3642 5161 5197 5289 8985 14804 
39 589 1333 2388 3026 14665 
39 185 438 894 1355 2406 15046 15052 
32 39 48 3451 5082 12935 
1113 8506 14631 
39 48 89 186 193 232 282 704 809 1059 1161 1277 1697 1736 1971 2375 2383 3742 4472 5953 6317 8126 9579 10442 12383 13427 13443 13595 14641 
32 36 38 
38 39 48 105 255 270 271 592 1257 1282 5362 6737 
32 39 60 350 572 943 1297 2210 3119 4336 4705 5624 6458 6644 8539 13017 
39 48 662 1592 3270 10831 
39 48 827 6443 
36 38 39 48 408 3401 4080 6575 15015 
38 39 1257 3904 4771 8973 
38 48 110 413 2012 7081 7538 
23 36 38 39 48 52 60 79 237 255 464 915 1043 1239 1638 1930 2129 2480 2629 2820 5937 10943 13054 
5126 13288 
48 1914 2651 4529 4945 6485 13165 14723 15034 
39 5511 11114 
39 201 824 4223 8411 
39 255 1882 2222 3754 13413 
1884 5281 
39 48 78 718 1444 1486 2552 4162 4698 12932 
39 
39 191 384 13334 
39 48 141 2114 3800 
229 5053 12943 
39 48 475 859 
39 48 1939 2800 2998 10943 12308 12925 
6684 14891 14900 
48 1296 2089 6495 
48 53 856 4115 4362 4581 5733 
48 68 96 592 740 759 938 1488 1562 2746 5769 10939 11161 14551 14667 
36 38 48 1826 2608 3221 4111 4601 7279 15033 
39 1143 3434 3903 8186 12613 13964 
48 225 14933 
32 39 48 718 1043 1081 2949 3213 5953 8559 10835 11113 12935 14213 
5 39 48 78 89 251 464 475 845 1062 1814 4640 10412 10498 12933 13334 
39 48 1062 1653 
39 48 1741 4325 4377 
36 38 48 170 731 1081 1281 3476 5408 6442 7296 8451 9365 13521 
39 48 369 535 548 2394 4344 4927 5358 10649 12925 
39 48 78 338 708 1814 6725 
32 65 123 153 384 425 604 810 1098 2115 2763 3793 10493 10917 12512 12946 
39 1012 2015 4162 4319 10541 
48 65 201 223 325 803 1185 1919 2815 2879 4292 4779 4835 5593 5608 8003 10464 13043 13189 14609 15036 15054 
39 78 438 708 2575 2626 2756 3882 4392 8867 
938 1659 2012 2573 11829 12693 
9072 9446 
18 39 48 79 301 1085 1195 2110 2776 2947 3160 3319 3321 8592 14313 
1731 4837 5369 
37 38 55 2110 14804 
32 39 
32 39 48 102 249 499 705 1023 1062 1144 1209 1360 1361 1609 1638 2005 2164 2186 2259 2300 2382 3253 3270 3644 3714 3878 4189 4678 4905 5323 5539 5651 5921 6184 6267 6575 7166 7554 8698 9925 10815 14536 14933 
39 48 258 338 459 1004 1435 1600 2103 2213 3128 3774 3923 4819 5013 5370 7674 9029 
39 48 1258 1826 2225 3102 
39 48 101 205 225 740 2399 4277 6737 9333 
22 38 39 48 49 105 338 413 475 653 5784 11718 
39 225 242 740 902 9913 14168 15034 
39 48 101 380 2147 2299 3851 15036 
65 89 161 1331 
39 48 97 136 169 488 549 1466 6751 6979 12244 12935 13018 13043 
39 215 623 1165 1924 1973 3635 8010 
31 32 39 48 65 101 215 249 255 274 740 1715 1962 2296 2796 3872 4089 4107 5269 7750 
39 48 
65 101 147 1415 1884 2075 2208 4281 4336 13427 
548 
32 
1928 
39 48 433 1126 1640 2075 2097 2596 3319 3321 3776 4871 14665 
831 2343 2383 2942 2997 3799 
32 39 48 79 89 694 766 1327 2329 2998 3171 3886 4883 6940 13598 14221 14804 15046 
32 39 
39 48 249 1004 3774 
39 48 123 225 3576 12590 
38 39 48 170 855 2525 2917 4157 12981 
39 48 65 66 195 301 334 571 740 808 967 987 2531 3161 3609 7429 14136 14954 
48 123 222 243 338 1343 1778 2238 6086 8068 11712 14120 
677 7748 12973 15031 
32 39 48 53 103 413 467 711 1076 1084 1421 2107 2519 3070 4035 5048 5465 5595 11351 13252 
32 532 
39 2468 5651 
32 39 48 2915 3401 3614 6127 6813 7316 12983 14108 
39 270 1834 2891 4339 10731 13489 14575 
30 32 501 783 798 1479 2626 3002 3460 3827 4258 5328 10681 14098 
36 38 39 150 227 245 271 319 337 879 1704 1808 3756 4297 6194 12943 
39 48 61 133 255 1362 1390 2284 2472 2505 2731 6202 10017 12935 12943 
32 39 48 89 270 2998 6922 8288 13043 
39 204 10769 13711 
32 38 39 48 110 370 378 914 2573 2598 2614 2630 3409 3903 4036 12935 14804 15031 
39 664 966 1327 2039 5594 
2 11 38 39 47 170 206 255 350 535 640 703 878 916 1423 1479 2271 4756 13610 
39 48 7519 
89 315 593 1600 2749 13061 15036 
32 6655 13611 14630 
39 48 123 1003 1313 5899 9041 
36 38 39 48 56 105 
38 39 48 64 371 1315 1994 2241 2854 3808 5440 6553 15055 
31 48 
3533 
39 48 1360 1615 15056 
39 48 4242 11717 
32 38 39 48 56 141 204 475 636 1404 2879 4316 4321 4571 5124 5894 6386 9196 9489 9662 13964 
36 38 39 1513 1542 
38 39 48 110 169 489 831 840 1163 1313 1404 1814 2458 2470 5499 6150 13086 15036 
32 38 39 55 1146 
39 1146 3616 
60 86 237 301 875 1054 2212 
36 38 39 48 249 260 264 2998 5809 11630 12943 13413 
39 931 1205 3057 
38 39 110 
11 23 39 344 399 475 3932 4344 12819 12921 14069 14973 
48 271 575 791 795 1179 1818 1819 2749 3311 4740 5037 6173 9082 9311 10128 10483 12621 12996 13700 
39 48 943 1280 4392 5778 6458 8582 10645 12925 13554 
785 1153 2406 10768 12921 13049 
39 48 
32 78 164 589 592 684 696 2931 4317 10912 
704 3561 4186 4779 4841 7585 10705 11270 
39 1071 1728 1866 2763 3975 6698 7674 8074 9843 12060 12915 
36 38 42 45 425 1003 2540 3842 4513 7978 
39 2706 3724 4336 14153 
39 48 179 407 751 1794 1795 1964 3307 10441 10481 14764 14855 
38 110 
1072 1606 1862 2389 3045 3194 3494 3907 4967 5127 5168 5761 5859 6996 10116 10683 11425 13489 
39 48 225 270 271 1071 1101 1345 1355 1560 2729 3312 3923 4921 7687 13079 
39 48 89 209 260 604 650 1710 1973 2654 4363 4812 8985 14628 14869 
38 39 48 49 105 
32 1980 3476 
39 45 48 101 1090 1322 1846 1994 2075 3851 5406 6717 8016 12925 13769 15050 
209 1624 3236 3784 12981 
27 173 242 2394 2976 4920 5907 11129 15033 
38 39 1831 3005 14804 
12 19 38 39 286 3964 5830 10579 
36 38 39 48 110 849 1408 10265 10953 12925 15034 
38 39 91 96 170 374 729 730 808 987 1877 3531 4013 4883 10692 13043 15052 
39 251 1874 2654 12152 
39 301 1417 2817 6553 7112 
32 39 179 548 1018 3660 14754 15057 
39 65 260 1128 2441 3827 12308 12943 13079 14248 
38 39 48 170 225 270 271 715 1889 4882 
39 48 129 186 1138 1486 4932 5892 9843 12964 14656 
36 38 110 1586 4299 14933 
19 39 48 334 475 785 1257 1311 1702 2122 3279 7585 
32 48 3297 
39 48 79 136 167 664 674 682 683 1308 1517 2140 2440 2596 2599 2891 4227 4424 5948 6672 9235 12935 13150 13345 
0 39 48 225 279 1264 1558 1686 3080 3533 4463 5147 5838 14098 
39 48 1172 3319 5405 7708 10860 11692 13794 14966 
32 48 578 862 9396 
649 1578 1841 3299 3923 13597 14804 15031 
39 2902 13062 
39 48 53 424 664 677 682 698 798 1994 2191 3462 4336 4548 5015 7233 
36 38 6670 13189 
612 1013 2201 2998 3078 4714 10484 10491 
39 48 1987 2503 2692 2965 4552 6575 14935 
39 203 1495 1585 1878 1922 2746 3774 
39 65 156 297 558 571 576 856 1103 1183 1215 2723 3319 3502 3756 3805 3953 9095 12933 12935 
39 65 2191 8486 
37 38 48 2634 3582 7975 
38 110 1067 2573 4841 12677 12935 
48 65 260 581 1003 1249 1375 1393 1503 1905 3102 9632 9662 12036 
39 48 237 246 14347 15058 
39 249 1144 2283 4152 10420 10525 
32 48 338 522 677 1135 2492 7585 13570 14304 14493 15046 15051 
96 1081 2763 4020 5892 7177 13023 13088 
48 49 104 203 1115 1135 1812 2104 2514 2524 2879 2944 3246 3270 4374 6890 7712 10506 10641 10653 10943 12919 13489 13842 14373 14507 14817 
2300 3052 3451 3560 4267 7173 13132 
39 48 696 699 770 1004 1533 2329 2513 2891 4504 
39 77 270 271 589 862 1027 1318 1693 2241 5528 13049 
10996 13334 
39 5755 
32 225 552 
39 110 170 2238 11452 14542 14665 
32 38 39 103 110 155 243 389 695 772 2831 4280 6795 10419 12693 12925 
38 39 48 101 105 258 533 548 793 1312 1327 3623 4841 10798 13334 13422 
39 855 1146 
39 101 153 1776 7944 
32 39 48 78 84 591 653 772 905 938 1003 2164 2634 2684 4266 4280 4792 5317 5622 8792 10543 10571 14933 
19 52 703 1353 1890 1922 2629 4741 4880 7477 8056 
39 48 
3488 4325 5434 
39 48 410 3573 9344 13483 13571 
32 39 48 249 576 626 1604 2239 2514 3499 4859 5405 5741 6508 10653 15009 15052 
32 36 38 664 15059 
32 227 12277 
39 227 2853 
32 48 14634 
39 2065 
39 48 1327 2733 5269 
39 48 1531 1879 3534 4113 5968 7785 
39 48 1308 2998 
32 39 48 475 486 588 956 1004 4339 14006 
5476 5718 
39 269 2177 3294 4685 4700 10683 13043 13764 15060 
39 48 711 1155 1343 5590 10446 10789 
39 48 2177 13784 13848 
38 39 110 1178 1355 
39 48 96 413 832 968 1035 1747 2150 2561 5907 10490 11017 14893 
13938 
39 48 58 664 3811 
39 583 606 3516 4211 6256 6810 13680 
39 48 79 101 1113 2118 2525 3194 3711 3724 5124 7713 9843 11608 12935 13105 
36 38 39 264 718 1355 2129 2284 2505 13049 
48 64 176 413 440 488 632 659 751 777 911 919 1548 1747 1922 2009 2272 2276 2555 3174 3312 4374 4761 6148 10008 11203 12921 13499 13543 14060 
39 10723 15061 
66 242 369 405 693 4694 5548 7041 8884 10551 11074 
39 
48 563 3635 12964 
32 37 38 291 753 1004 2257 2573 6410 
39 2238 
39 48 11469 
79 185 222 424 522 599 1167 1353 2446 2537 4126 4965 10511 
65 117 159 304 464 798 947 1879 2776 2818 2987 3514 3849 3866 4625 4646 4990 7861 8124 9304 9879 10683 11560 11840 12657 13344 14098 14630 
38 170 2776 7989 
622 1585 2236 2237 3171 
48 549 610 772 938 1052 1956 2437 2559 3369 3405 3920 4412 5081 5089 5943 9337 11718 12152 12677 
32 38 170 693 790 966 1004 1172 1275 1933 1939 2444 3662 4852 4996 6206 6457 9654 13112 13113 13277 14478 14678 15028 15033 15062 
39 65 223 535 681 706 1361 1435 1673 1956 2550 3504 3872 4801 15052 
48 60 68 225 475 2091 3270 
48 421 727 1232 1924 7494 12933 
39 48 89 807 2044 2557 4267 4971 4972 5465 5466 5957 11415 12473 12951 
711 879 1004 1115 3660 8263 10538 13165 13395 14205 
103 389 479 2912 5062 6593 
13043 15063 
48 147 260 387 413 606 1332 1953 2870 2965 4251 5138 7593 9813 10928 12791 14552 14553 
36 38 249 593 2363 3504 5133 13049 15064 
39 48 215 228 5360 7702 8573 13552 
32 10978 
39 522 2921 3505 
39 1290 2177 2284 2505 2856 2910 5797 13989 
32 38 39 170 3185 6602 
48 176 203 
39 48 60 89 203 237 340 753 8215 
39 1355 
38 39 110 1085 1479 2378 
39 48 500 589 798 808 831 1023 1994 2043 2733 2771 2852 2854 2987 3345 4209 5080 6190 6403 13086 
39 48 179 585 3207 
38 39 48 105 228 269 270 397 405 523 533 535 727 732 766 956 1172 1183 1591 1600 1653 1794 1880 2193 2493 2933 2934 3012 3774 6150 7653 9579 10909 11051 
1841 
39 48 4392 7441 12935 
39 4389 13089 15033 15052 
39 48 408 475 572 704 1003 1020 1157 2492 4270 4883 5968 8027 8087 9843 13049 13443 14804 
18 39 48 101 413 824 1340 1804 2177 2561 3236 3762 4207 5325 5771 6583 7996 11557 12925 
4412 6200 6746 10996 
147 332 772 1561 1693 2054 2138 2352 2390 2789 2987 3682 5328 5531 5608 6201 7570 9606 9646 10451 10860 11074 11397 11598 14478 14809 
749 2900 10656 15065 
592 1159 2295 3006 3858 3909 4973 4974 5108 5782 6772 7951 8710 9311 10940 12984 14001 14010 14584 
32 
258 259 592 1159 1655 2619 3467 3858 8935 9311 12984 
39 48 89 185 558 1145 12933 13189 15066 
38 504 916 1448 10415 
38 48 840 7895 13565 15067 
39 48 13043 14891 
1882 3158 8043 
39 48 12873 15051 15052 
48 825 1448 2523 
8150 13748 
1172 3080 4825 4880 12807 
39 490 713 
39 201 1081 4651 
48 237 798 1245 2987 4849 9072 
39 411 1987 2703 
48 2184 13489 
36 38 
48 52 65 89 129 237 1570 2764 3410 6735 11468 13032 
48 79 475 932 1585 1715 2481 2604 3616 3819 4067 4610 5403 12935 
39 49 7220 
32 38 48 170 830 7536 
39 48 242 1542 
38 39 48 65 110 165 166 237 785 1068 2056 2998 4141 5194 12935 15052 
65 4393 4424 11608 
48 89 242 1168 2879 3565 4830 13466 
39 
65 89 
38 39 48 170 235 
201 533 15036 15051 15052 
39 48 96 518 704 762 824 856 996 4937 5212 7069 7353 9419 10128 10595 14034 
39 48 117 685 927 1469 2963 3345 3768 13706 
754 1220 2038 3102 3180 5215 11104 
36 38 39 48 65 171 225 251 264 272 856 947 1004 1291 1527 1543 1655 1677 1744 1786 2056 2075 2930 3292 4444 4975 8809 11093 12925 12935 13390 14798 15052 
32 37 38 39 48 89 504 1146 1355 14880 14973 15033 
39 334 8295 11351 
39 565 15052 
38 39 48 56 272 418 1727 3759 15052 
37 38 39 129 192 237 2543 3489 
39 48 269 677 947 1693 2423 2674 12932 
0 32 39 48 96 248 413 856 1144 1290 1327 2376 2492 2733 4798 6404 6602 6880 9151 9879 
11 48 519 592 593 842 930 1185 1814 2191 2662 2749 2764 3346 5531 6507 10543 10770 11679 11936 14804 
3623 6866 
48 89 186 584 1052 
36 38 39 
340 345 421 543 1161 1342 1393 1425 1905 2191 3861 6338 10283 12996 
18 39 48 763 1268 2644 3319 3321 3405 4655 4741 9879 13146 13152 13182 
32 38 39 48 186 195 225 269 587 1529 3278 10769 11583 11717 14824 14880 
694 1497 
32 237 6364 11799 
39 501 533 1146 2624 6507 13052 13313 13443 
38 161 286 3772 4093 4126 14920 
39 48 740 2623 10513 10872 10876 14804 
39 48 161 179 438 878 2955 4994 5045 9931 10943 
695 2420 5817 6834 6869 10852 13223 
36 38 48 170 185 225 233 452 490 718 1043 1209 1475 1476 1481 1538 1543 2111 5074 5358 5701 6024 6716 10796 13049 13598 15068 
490 961 2242 2243 2272 3623 9381 14646 
32 39 48 215 549 730 927 961 979 1332 2987 10817 13189 
36 38 170 1345 3933 
32 39 48 249 533 640 808 1144 1543 2998 7472 10935 10955 12925 14478 
39 48 49 592 824 1442 
39 48 2958 2965 
11 39 45 48 1643 9484 14871 15046 
39 48 93 596 968 1143 2723 2809 4447 5257 11741 15069 
39 225 4279 6201 12933 15033 
39 48 176 459 564 589 817 1013 1025 1308 2596 3151 4316 5442 5560 6190 12987 13260 14933 15070 
38 39 48 229 445 525 1001 1727 1771 1929 3853 4170 4717 6998 7168 8160 10442 11296 14006 
39 1081 2388 4676 
32 39 46 48 549 1704 2075 2329 3089 3638 3683 6141 7396 9646 9662 10228 10821 12943 13032 15071 
38 39 740 1590 1638 
548 9637 14990 15033 
10335 
32 39 2297 4256 4316 12943 14618 14667 15072 
39 338 604 1215 1557 3551 12925 15036 
169 12586 15046 
706 1062 2879 9579 
39 48 1135 1138 1333 2703 5113 
101 812 7274 9209 
32 38 48 1073 1727 1873 6060 
39 48 604 622 681 2053 2408 4310 4406 4786 12509 13108 14833 14862 
48 94 237 927 1277 1327 1990 2046 2296 2552 2621 3409 
39 48 101 186 237 755 1355 2052 2383 2802 4013 4057 9496 10083 12744 14618 
32 39 48 201 1327 1600 2056 2076 4811 9120 11113 11636 
89 694 1465 
39 48 243 947 4768 8402 
38 39 56 932 2811 
3759 4073 4799 
32 39 48 96 165 682 685 1196 1357 2276 4135 4767 8093 8257 10579 12693 15036 
39 225 242 334 808 913 2958 4552 4720 10490 10598 11129 12946 13749 
38 39 286 2394 2573 
36 38 39 48 101 249 772 843 882 1727 1785 2186 2907 3856 3949 5147 5149 5830 6356 6876 7090 7625 12130 13034 13315 13430 13516 
32 1602 4650 
242 255 2793 14153 14630 
242 246 947 1124 2327 2343 2836 2942 4984 5477 12925 12943 
38 39 48 170 255 396 606 2942 3349 3904 5421 7095 
36 38 39 48 89 413 430 583 640 837 3278 3668 3913 5151 5559 
38 39 47 48 65 260 649 766 916 942 1393 1394 2141 2370 2521 3184 4444 4499 14367 
18 186 548 1024 1067 1360 1561 1594 2199 3877 5060 5934 6082 7744 10474 12925 13043 13318 
39 101 938 12935 
2441 4174 12586 
38 39 77 225 249 286 490 1172 1783 1899 2127 2177 2555 2763 3294 8985 12473 
38 39 48 286 
39 48 734 1146 1425 3081 3240 10535 11249 
32 38 286 475 1867 
39 48 89 413 729 762 773 1603 2808 3391 3788 5315 6672 7763 13242 
39 3799 15046 
48 855 
766 1733 
1818 13209 14880 
39 48 340 548 1497 13035 14855 14881 
7457 7804 12925 
32 38 39 55 141 242 664 927 1004 1251 1915 1940 2167 2963 3261 4307 6224 7826 12951 14254 
48 337 475 785 1285 1318 1910 2048 2111 2218 3760 4123 7316 9986 
39 117 147 186 225 237 244 285 673 817 1010 1308 1393 1693 1725 2080 2337 2588 2625 2963 3151 3875 4961 5350 9095 10283 10443 10448 14006 
39 48 533 653 1071 1327 1638 2900 
32 39 79 222 261 308 894 1080 1269 1715 7963 
39 1192 1277 4767 5137 13459 
32 39 1862 2344 2914 3207 3409 4572 5775 
48 1561 4260 4292 5208 8913 12943 15073 
32 39 48 79 271 2298 2475 
38 39 227 534 768 1831 3870 4597 
39 1736 1936 1939 2051 2831 3034 3047 12308 
39 243 261 1072 1345 5316 
39 48 49 124 464 820 831 1327 1600 1759 1939 2049 2630 2662 3024 3270 3462 3633 3668 3768 3867 4343 5738 6483 9703 10924 13160 
39 274 804 805 2390 2907 4105 4720 
48 347 490 576 1239 2153 2425 4058 4563 
32 48 1262 6752 
30 319 2135 2633 11260 12277 14098 
405 1042 4226 
12935 
38 39 48 110 117 374 740 928 2223 3858 7010 12981 14098 
32 1619 
48 2343 2565 2604 4070 4630 8816 10513 
30 39 574 615 664 2046 2855 3086 11718 13182 
39 1497 15052 15054 
60 258 599 947 1417 1996 3896 5197 
39 89 442 1919 2657 4061 10448 
39 1991 2111 2247 14098 14804 
155 176 213 272 438 604 729 817 828 1025 1361 2596 2931 3000 3358 4280 5350 10238 12952 
39 48 681 793 979 
38 110 12938 13203 
48 1183 1277 1794 2469 7107 10412 
4775 6176 
48 694 941 13227 
32 205 209 777 4480 
9 39 48 237 856 1359 2471 
48 3762 4245 
65 703 1001 2437 4170 9173 
27 39 48 1144 1435 1791 2076 2110 8270 10583 12855 
39 260 502 740 941 2472 2812 6866 14573 
2 38 89 110 407 3198 4723 6675 
38 39 48 56 65 79 337 879 927 1393 2625 2808 3494 3541 3799 4220 4310 6076 10493 10513 11260 14804 15052 
48 1781 2561 2628 3451 
39 374 740 987 1191 1281 9249 
32 48 1956 2721 3451 6575 
38 207 370 535 3369 4389 4393 5142 6643 9646 10653 10789 11099 14551 
10 39 3673 8492 
39 48 169 1000 2575 7181 12925 13423 
39 48 1537 
6555 10908 
48 664 
1 237 249 1841 2299 3504 4146 4685 5339 8575 12910 
32 39 88 738 822 824 1424 4383 8179 13032 14618 
338 677 1481 2028 4832 8742 9823 10879 13423 13597 14289 
1095 2464 5603 6232 13571 13579 14602 14608 
48 1316 2164 7090 
39 48 15052 15074 
39 48 201 227 338 2609 3504 12509 
39 89 425 475 15046 
209 1067 2011 4841 
3616 
690 1975 2259 13079 
39 48 89 9137 
38 39 48 110 119 225 271 653 664 766 1313 2211 3912 13313 14694 15052 
38 39 107 176 611 817 973 1067 1727 2998 3635 3774 
9 39 48 566 649 750 890 962 987 1185 1693 2399 2633 2726 
11 39 48 60 147 880 947 1585 1619 2214 2388 2399 3421 4318 6382 7429 8400 10412 10498 10533 10579 10831 10853 13300 14960 15075 
32 38 110 295 320 440 1747 3151 8068 10074 13189 13200 
32 48 311 449 488 591 772 1020 1766 1804 1814 3653 4833 5778 6082 9397 10116 13065 14573 
11 39 48 62 1098 1463 1841 1973 2351 3084 3317 7708 7895 8135 8873 9736 13227 
39 48 89 947 
39 48 
2 18 32 38 39 48 60 117 459 593 643 916 932 976 1045 1046 1249 1658 2967 3854 4875 5859 9643 12954 
39 48 475 2388 12951 
176 341 817 1594 2596 3778 13109 14625 
39 48 65 195 396 2233 7775 13049 
39 1578 4643 11279 
38 39 110 193 397 518 1185 1789 2127 2235 2236 2495 2543 2557 2597 3795 4779 5440 6128 8679 10498 10499 10819 11338 13089 13182 14758 
39 48 529 533 1376 1930 2810 11114 13189 
39 48 2276 15033 
32 48 271 1600 
39 48 205 822 824 2094 
10 23 39 48 52 60 237 255 521 706 783 793 1020 1268 1791 2875 4171 4650 10515 10651 12951 13210 
32 1062 
4273 12984 
48 374 3913 3925 12984 
39 65 201 232 403 649 831 1282 2702 2954 3186 4883 5784 10474 11122 
12925 13929 
1 39 117 408 8068 14478 
38 39 170 1103 2184 3106 3176 14171 
310 408 442 522 1619 1764 1872 2464 2561 4267 5051 7975 8512 12946 13024 13318 15033 
32 
3783 6603 7191 11276 15034 
1 39 
39 2149 4631 4843 13032 14347 14580 
32 38 161 286 3441 14876 
65 89 216 589 1140 4129 4883 5239 7112 
32 39 
39 259 1327 1585 1698 6709 14508 
65 379 664 4994 6343 13240 
48 69 442 522 2987 3722 4113 4994 6284 6940 7129 9843 11203 15076 
39 48 156 677 1930 2763 3964 
39 117 694 976 1249 3221 4819 5194 5230 12925 
38 110 840 1805 2684 
209 242 3451 3754 5116 11188 12982 14006 
32 39 178 225 229 351 388 910 2254 10704 11601 14011 15009 
48 78 533 1986 3271 3941 4880 4920 7336 9387 10188 12547 13291 13567 15077 
83 237 259 768 1393 1838 4386 7209 10862 15078 
249 344 424 824 896 1277 1445 1973 2167 4267 4292 5342 5776 10184 10443 10862 15076 
117 550 976 1055 1249 2046 2519 6587 
39 812 1576 4994 5263 5510 14933 15079 
60 65 264 342 379 751 831 916 1103 1185 1239 1562 1876 1976 3067 3278 4070 5078 6964 8488 10493 
39 45 48 77 677 1282 1654 3630 4310 
39 202 522 947 1739 1897 1991 2054 2337 5904 7068 13334 
39 351 15009 
1456 2723 4812 6376 
39 48 1872 1905 4416 11747 12206 
237 541 621 2037 2083 2171 2299 5535 5700 8508 10607 11295 11692 14698 
48 76 94 1308 2635 3662 
101 589 604 2399 2623 2874 2907 4209 4258 4502 9579 10696 11636 
37 38 39 5124 14953 
39 48 89 1135 1435 1956 
1968 6092 6614 14019 
242 535 3451 4959 
38 89 163 170 248 660 7975 14098 
11 48 179 249 445 449 522 548 832 1144 1364 2030 2271 3174 3817 4786 4839 4929 5125 5127 6587 8512 10469 12938 14549 14573 15032 15056 15070 
39 404 593 703 3596 4407 6126 10798 11067 12547 
38 39 48 89 110 2674 
39 249 369 976 1063 1473 2064 2425 4843 5489 12943 13043 15080 
10444 10656 15081 
39 14545 
39 89 147 203 335 535 660 1072 2080 2193 3319 5953 13048 
1307 7118 14906 14995 15082 
27 48 80 89 627 812 1815 2292 2976 13318 
32 39 48 201 255 396 611 993 1103 1342 2167 2325 3194 3317 4119 4372 6113 
39 374 475 1126 3189 
38 39 239 504 708 1336 1529 
32 272 525 1333 1433 2042 2463 2518 2811 3982 5141 9082 
39 402 438 880 2440 3451 9589 12820 15083 
351 13032 
32 38 48 56 442 547 1048 1470 2327 15051 
38 39 170 286 374 687 1899 3008 5160 6082 11203 
39 48 418 480 1561 3125 4704 5849 12929 
48 89 2935 3119 11484 12889 
39 48 649 3266 3772 5423 5504 6866 7336 8623 12995 
32 39 79 96 4207 15034 
229 345 380 492 803 2573 3223 3343 6680 14233 
39 97 201 237 758 902 1168 1393 1435 2947 3514 3596 3799 3853 3951 4921 6403 10682 13679 14943 15052 
23 32 38 45 48 79 80 168 170 229 261 305 340 371 447 549 1172 1834 1994 2881 2892 2893 3258 12935 12966 
32 38 39 48 170 398 421 790 2097 2492 6979 12146 
48 467 3349 3772 4093 8867 9925 12935 
38 48 110 242 1538 
39 48 60 258 413 596 751 1393 1965 2820 7879 9644 10074 11718 
39 351 
39 48 1568 2926 4733 
39 48 89 475 479 838 1415 1481 1576 1872 2177 2808 3441 3553 3633 8040 8068 9823 10480 10862 12929 14549 
1 237 2133 4407 
9 39 48 338 403 2383 3642 10623 10887 
39 
123 258 291 660 15033 
32 156 856 
48 374 555 589 1183 1333 3319 3320 3321 3711 3913 4226 4444 4883 6793 12935 15033 
7010 7267 
39 48 5405 6075 7869 12464 12935 15051 15052 
39 155 249 272 1004 1244 1361 2173 2931 
147 522 10627 12693 12981 
1126 2468 3354 15017 
32 48 408 807 3441 4407 10579 15028 15080 15084 
265 1613 1787 10195 
23 39 48 237 319 374 838 1578 1874 3565 4220 12685 15052 
48 374 475 522 681 2968 3291 3405 4345 4883 6118 10027 12981 14347 14545 14573 14694 15031 
30 39 48 1291 1387 1513 1704 3827 4267 4567 6268 7239 7947 8575 12517 
38 48 89 110 156 351 488 1476 2817 3565 4556 13056 13062 15085 
65 101 405 550 783 4336 8479 8884 10128 10515 13043 13413 13680 14478 14568 15017 15044 
48 89 96 123 379 1899 2631 4970 4993 9477 10446 13174 13302 14108 14213 
39 60 318 396 420 558 576 773 1362 1558 1962 2140 2191 2793 3208 3358 4377 4536 4989 6205 7068 8074 8954 10504 11203 13166 
36 38 39 15085 
10 32 38 39 56 170 175 178 222 225 270 271 279 938 1355 1408 2119 2524 3072 3333 3859 3898 4685 9382 10195 14367 
39 48 89 301 446 2415 2685 3203 3350 10579 
39 346 479 798 947 1538 1609 2515 3194 3278 3827 5928 7601 7683 12938 13833 14933 15086 
32 855 9843 14493 14791 
10 32 39 48 533 593 1588 1833 2046 2894 2993 3673 4381 5248 7479 10195 11718 
32 48 49 65 512 824 912 1144 1866 1895 2398 2611 3805 3993 3994 3995 4148 4800 4928 5296 8014 9421 10454 11970 12180 13758 15067 
45 2056 
48 592 3941 13062 14573 14705 
39 2783 3319 3321 4655 4994 7975 
48 621 3317 8479 11203 11296 12925 12935 15052 
39 48 101 1166 2122 2399 2723 3722 4310 4361 4945 10018 10372 12970 14973 
39 384 409 592 929 2046 2440 2519 4258 4587 14098 
39 48 96 248 522 976 1360 1899 1905 2861 3321 3754 4655 5859 10563 13680 
48 101 470 529 1353 2335 2629 2763 2865 3470 4170 4588 5721 6734 9985 10902 12854 12981 
32 39 48 399 1160 1393 1674 1847 2818 2873 4318 4941 13443 13743 
39 48 96 204 248 499 719 1899 2390 4994 5323 5605 14325 14465 
39 48 594 925 
48 77 101 127 147 201 271 347 500 547 560 808 857 1082 1277 2324 2329 2413 2723 2800 2898 3084 3174 3208 3467 4141 4143 4144 5442 10834 10860 10943 12933 15051 
37 38 192 1476 
39 48 60 155 168 237 272 318 589 593 979 1547 1609 1842 1877 2211 3759 4106 4108 4524 4854 5269 8985 10069 10441 10666 10671 12066 14674 14933 14953 15087 15088 15089 
48 89 1027 1564 1976 2894 10653 13552 14486 
39 48 164 1369 
39 48 79 101 340 387 1280 4287 4880 4921 9662 10908 13534 14634 
36 38 237 2496 2669 9163 9737 
39 1126 7336 12984 
39 48 89 147 225 589 1060 1444 3270 10824 12951 
36 38 
39 48 49 96 222 425 591 677 1144 1269 1297 1637 2329 2612 4297 6997 7417 11007 11318 14019 14575 
38 170 
32 48 1728 5248 12202 
38 170 423 5429 6536 8608 
39 915 1791 8452 15090 
141 2186 2239 2703 2725 15091 
136 547 622 677 681 1043 1067 1479 2468 4170 4409 
32 39 48 766 10860 
31 38 39 48 110 237 694 2284 4557 6364 7068 7775 13327 
39 48 89 1185 
38 39 110 1148 2091 
32 38 39 48 49 281 286 1020 1257 2015 2129 2837 
39 53 103 251 534 2749 3037 4237 10294 11154 12043 
32 39 48 520 1540 5097 6855 9401 
39 48 269 388 
89 96 643 677 1308 1360 1361 1591 1817 4570 4705 4994 5362 5442 12925 12943 
39 846 1486 2915 9579 
32 351 1046 1277 1360 1439 4237 
48 78 282 913 1442 3006 
32 48 677 766 861 1588 
1 32 37 38 39 43 48 96 110 170 713 925 1652 1924 14804 
38 39 62 110 259 351 833 2968 7463 9062 12640 13622 
1280 1676 4537 5048 5588 
39 1532 2415 4472 
38 56 133 237 249 643 712 938 1144 1343 1476 1603 1919 2471 2546 3318 3319 3320 3676 4761 5314 5859 6940 
39 4472 6443 14891 
39 48 175 270 1135 1327 3278 5722 14630 14899 
38 39 170 
32 39 48 201 260 382 682 698 763 794 865 966 979 987 1336 1594 2103 2297 2299 4975 
18 38 39 48 286 854 3951 10579 11560 
32 35 101 207 1899 3933 4994 5543 15034 
48 225 1013 11608 14612 
65 180 285 449 799 1020 1872 1884 2352 3894 4016 4098 6113 10471 10900 12987 13583 13613 14568 15062 15092 
39 845 1277 1720 1997 2327 2420 2783 3046 4928 5376 5692 9095 12929 13571 13787 15052 
347 405 4595 10515 12982 
12982 
48 740 961 1308 9145 11799 
32 39 48 79 147 1585 1752 2617 4318 5178 5257 6602 14804 
38 39 48 110 338 560 1838 2033 12949 12954 13333 15052 
39 48 7010 10483 10571 15093 
9 32 38 39 98 110 4976 14942 
60 846 12930 15034 
32 48 96 777 1062 1576 1899 2199 3189 4883 8155 11718 12952 15033 15046 
9 39 48 260 854 1104 
19 39 48 76 78 89 101 157 201 301 307 342 420 433 459 479 514 565 589 767 1085 1393 1808 1986 2051 2394 2788 2868 3257 3383 4994 7100 7129 7564 8411 10249 10677 12981 14098 15080 15094 
209 597 2669 5849 6841 12938 13203 
1004 1822 2370 4376 5613 7473 8514 9599 15017 
39 48 79 103 389 2708 2991 5126 
39 566 
1 36 39 60 5037 13300 15054 
1 48 379 2399 2763 4994 
1210 2783 3487 10543 
943 1361 1384 4377 
32 45 101 255 1000 1082 1137 1350 1558 1821 1964 2138 2214 2394 2408 2424 2435 2513 2537 2538 2674 2968 3888 4351 5591 6717 7413 8959 9011 10984 13035 13043 
38 48 110 438 
2 48 612 708 788 1081 1578 2263 2515 4207 4850 5953 6150 9141 10446 13043 15033 
32 52 1976 
49 379 382 662 910 3271 13032 
39 896 3404 6076 9703 
39 48 3867 3964 6553 
10409 
39 48 69 248 255 396 408 544 909 910 1004 1448 1556 1562 1564 1591 1655 1779 2715 2888 3082 3349 4310 4883 6547 10425 12925 13318 15033 
38 39 56 80 260 1126 1670 2561 3321 4646 4655 6224 8068 9843 14568 15009 
1 32 39 65 766 2152 3414 4381 15083 
39 363 1360 2988 3318 3319 3320 3321 4655 5859 6224 12943 13049 14944 
39 48 101 255 430 500 1060 1232 1773 1905 2546 2548 3711 4026 4061 4159 4883 4976 6607 9843 10446 10917 14019 15080 15084 
39 62 129 7996 
39 
32 39 48 363 766 4336 5683 8593 10598 11110 12929 14804 
32 39 48 2186 
38 47 150 270 271 508 1615 5360 6353 7378 14338 14393 14595 15056 15095 
38 110 548 
39 48 60 824 2084 3467 4360 4744 12959 
36 38 117 374 388 511 652 926 976 1484 1518 1519 1591 1899 2335 2763 3711 4267 4883 5813 10119 11697 14808 15052 15054 
39 48 
147 230 338 408 413 425 497 522 592 1018 1082 1163 2383 2523 2557 2763 3006 3404 4625 4994 5049 5074 6583 7661 7990 11161 11937 13443 
38 39 170 171 179 1319 1435 1446 1578 
39 48 1861 
32 39 48 272 446 5531 13197 
23 
39 649 3336 
32 48 351 
39 96 379 408 479 1607 1783 1899 2763 3673 10119 12925 13174 14373 14855 15093 
39 48 171 379 408 2091 3320 
1054 12925 
32 38 286 
39 48 563 1670 2051 3336 14568 
39 48 533 563 783 812 828 1360 2861 4994 5492 
48 1384 1385 4530 
48 141 148 3799 4883 8234 9843 12095 
38 39 48 371 643 4504 15080 
32 36 38 39 48 96 225 351 842 3321 
18 32 38 39 50 170 378 708 790 916 2297 3189 4883 11718 14168 15033 
38 39 48 390 2351 
18 37 38 39 209 301 433 434 808 913 1182 3728 4792 4945 5135 8230 10789 12954 13088 13770 
32 39 223 225 232 237 273 407 479 1896 2239 9943 10448 11560 15009 15054 
48 605 793 2169 2491 6742 13017 
32 39 48 465 2813 
60 379 704 1423 3279 4883 4994 5350 8068 
32 13032 
39 10005 
39 1899 2763 
39 48 269 413 420 824 973 1423 1425 1479 2073 2683 3270 3279 3751 7284 9833 14949 
32 227 2254 
39 48 79 259 492 516 842 916 967 1060 1390 1393 1435 2149 2325 2540 3493 3494 4111 4580 4720 4881 5932 8691 10128 13742 15063 
39 708 1291 
32 39 96 379 1591 1905 2894 5038 10734 13375 15054 
185 1248 2870 10899 11383 
38 48 110 
1085 2388 4148 
570 644 963 2596 2746 3513 10195 11840 
39 48 2187 2998 3351 4501 11296 
36 53 295 430 1929 2129 2383 2480 2878 2952 3502 4127 4920 4969 7276 7903 14482 14617 
39 1899 4994 9095 
39 
38 39 44 47 275 281 282 573 669 783 1805 2379 2383 2672 4358 13008 
32 39 48 65 398 492 681 763 931 1101 1696 2723 3502 3540 3772 3858 3888 4895 10605 
849 850 2548 11484 
39 48 150 261 340 533 581 681 740 759 3502 3709 3772 3858 5442 10515 10794 11397 13530 
39 413 805 4630 
48 405 596 766 788 1020 9843 13622 
301 591 849 1052 1408 2719 3015 14347 14595 
39 1360 1825 2191 2554 2700 4256 4975 11840 14804 
48 103 346 351 363 374 604 685 706 1357 2127 3345 10682 14870 
342 497 4317 5455 13538 13973 
39 48 1652 1704 5207 12929 
32 39 48 740 1915 2004 2192 3840 4180 4650 12951 14896 
32 39 48 65 351 816 1576 3319 3321 4880 5248 5859 12959 
23 32 179 301 522 1404 1596 3467 4026 4509 8092 8117 9632 12036 12621 13255 
49 14120 
39 48 416 929 1435 1569 2083 2800 3291 5943 12929 14981 15096 
39 48 258 943 3053 6748 7505 8045 12929 
23 39 597 727 3894 6793 
39 
36 38 261 522 986 1899 1930 3105 3319 3321 3793 5038 12929 
36 38 2046 
39 
39 48 475 2297 2387 3012 4272 5700 5943 
32 38 48 79 110 117 1146 1249 4655 5038 11718 12929 
32 39 48 89 444 573 664 727 793 1209 1600 2021 2649 3320 5914 13600 14087 
32 228 677 824 1020 1282 1363 1364 1628 2688 2795 2933 3093 3294 4513 5182 5441 6092 6444 7229 8613 10128 11351 13466 
39 48 404 413 812 1615 1872 1930 2856 4883 
38 39 48 79 105 237 865 1591 
38 39 48 68 89 103 237 286 371 569 718 793 1013 1126 1209 2028 2329 2408 2649 3294 3320 3321 3572 4095 4096 4381 4849 6941 7276 9304 9843 10442 15080 
3895 5738 8550 
39 
32 48 338 862 2080 2561 3913 8068 9843 11718 12952 15033 
2 38 39 45 156 170 236 237 259 270 279 2329 2486 2616 6793 7518 8985 13153 
39 48 65 82 248 464 522 845 1277 1603 1664 1698 2822 5915 6775 10444 
39 48 384 1094 1126 2763 4983 8600 9843 14641 15033 
32 39 279 379 708 772 1905 2193 4407 7107 10195 14221 15063 
39 
32 39 60 475 6441 
338 479 1991 2763 4336 4994 
19 32 38 39 60 80 117 123 179 225 301 371 479 492 522 550 604 976 1013 1417 1811 2135 2440 2451 3279 5038 7564 10446 10859 12925 12959 13045 13094 13964 14171 15028 
4994 6998 
76 585 829 830 833 1082 1309 1581 1678 1757 2692 3171 4632 8423 11201 12242 
48 379 1004 1638 4480 11718 14299 15054 
39 351 
32 39 201 361 783 939 1142 1342 2652 4392 4500 4779 13736 
38 56 806 2386 2997 6405 15097 
10 127 232 270 271 351 918 1498 2230 2292 2371 2970 4209 9925 11583 13838 
60 101 351 527 798 929 987 1281 1362 1693 2214 2891 3189 3608 4026 8167 9182 11615 14804 15098 
32 107 812 1484 4144 4811 4920 6507 9042 13043 13567 14486 
48 69 514 2375 3270 4459 6115 14641 
32 39 65 481 681 1146 1578 2575 3884 
449 2894 
32 39 379 382 396 976 1482 1585 1600 2238 2523 3189 4316 7472 13182 13189 
32 
39 48 248 1591 1678 1747 
39 153 378 1728 
48 838 3840 4162 4657 9674 15017 
5769 6148 11716 
39 48 301 759 1185 2048 3532 3759 4479 4906 11364 
30 39 48 329 981 1371 1547 1606 1805 1847 2015 2091 2171 2276 2329 2356 2659 2765 2907 3074 3143 3144 3145 3146 3314 3316 3405 3640 3664 3811 4119 4299 4812 5471 5605 5617 5778 5989 6403 6597 6913 7155 7191 8489 10442 11039 12296 13068 14103 
18 32 301 707 1807 3483 
39 48 310 342 408 413 522 767 1700 2193 3538 4685 5038 10890 
48 237 269 1629 13565 
36 38 593 10656 
856 1288 1719 1992 2300 2968 3467 4007 5405 14808 
244 1822 
48 65 249 407 2420 11235 
39 48 2698 8491 9065 13174 
32 48 89 248 310 351 1773 2763 3949 10283 10446 13077 13510 13781 
39 48 14804 
39 340 544 1319 2346 2793 2952 4517 4994 11181 13513 15017 
11 38 39 48 170 227 766 1591 1842 4342 4437 5038 5164 
39 48 83 680 1538 5690 
39 48 2193 3333 4245 5197 11203 14804 
39 48 256 1393 2039 2800 7276 
8479 
38 39 48 150 338 390 930 1609 2607 4251 8050 8209 13786 15032 15052 
39 48 65 89 589 591 759 772 878 916 1257 1964 2069 2800 3270 3317 4878 5778 6058 7166 9137 12981 15017 
48 62 163 4564 
32 415 1360 3321 5038 13056 
39 279 801 2054 2077 2490 3405 4270 8415 13189 13255 14633 
39 258 382 522 544 926 3321 5038 6940 
38 39 48 227 237 259 267 286 428 475 533 718 865 903 1004 1390 1486 1650 1814 2061 2118 2329 2942 3633 3884 4047 4517 4525 7473 11044 
38 39 97 103 117 170 294 828 976 1466 1652 1814 3451 4334 5248 7975 
32 38 39 48 59 259 677 682 683 698 812 1004 1585 1727 2300 10441 
39 44 271 351 398 438 522 708 1004 1126 1146 1318 1393 2238 2721 2749 3553 3778 4883 4940 5091 5759 10623 
32 39 48 12929 
38 39 105 454 
32 39 97 549 903 1168 1466 1661 1882 2094 2626 2634 3270 4771 4890 6598 6998 7727 8081 10290 13669 
37 38 405 842 2987 2991 5080 12951 
31 32 37 38 39 48 237 243 249 533 3346 5216 13296 
45 48 1126 1994 2122 3189 6416 12929 15099 
48 1182 2107 3273 7641 11326 12775 14006 14248 
32 48 89 147 229 248 284 289 314 770 1001 1585 1591 1846 1899 2482 2493 3169 4029 4187 4204 4504 4994 5038 5074 5493 5844 5873 5953 5974 8361 9708 10184 10862 12469 12693 12935 13174 13846 14973 15034 
237 3319 3321 3353 4517 4994 
32 39 48 78 111 136 475 589 660 824 1004 1498 1905 2118 2316 2544 2725 2778 4448 11114 12029 14409 15033 15034 
4883 10535 13506 
39 48 209 237 2767 3884 4342 
39 413 438 9095 9843 13146 15060 
7481 13967 15100 
32 39 2329 13132 
39 48 4883 10587 13043 15050 15077 
39 48 156 1513 1814 10788 12984 
38 39 65 170 194 490 649 682 785 798 831 838 1081 1604 1938 2987 3793 5051 5406 5499 10493 12929 12959 13028 14221 
147 374 1345 2696 2915 3269 4448 4643 4983 5233 5248 6387 7153 11718 
30 32 
38 39 48 110 267 338 548 673 961 1666 
48 396 549 929 1591 1822 1899 1905 2763 3891 4258 4920 5038 5086 12952 13125 
32 39 48 416 1039 1783 3271 6136 
48 117 128 521 522 643 660 766 976 2383 2437 2469 4643 4994 7007 12952 15033 15063 
36 38 39 
32 38 39 48 55 1360 1814 1899 2276 
48 59 123 271 285 2315 2635 2856 5314 5690 6017 8929 14723 
30 39 48 522 1591 2833 5038 10794 11203 14808 15017 15045 15101 
26 32 812 1046 2210 5224 6892 6998 
5690 10526 
1209 1479 1481 4556 
32 1239 1594 
48 441 573 871 1538 1922 1989 2431 4256 4971 5503 5915 12929 13182 
39 
11 36 38 39 89 255 604 791 793 1362 2029 2861 3617 5221 9843 13189 
38 39 110 279 1696 6897 7938 
2 39 48 382 4220 5470 7273 12951 
32 48 228 338 396 4448 10794 
32 39 48 284 310 1930 3319 4251 
39 48 237 1872 2177 2496 2519 5857 11203 
32 38 39 170 491 
39 48 4883 5507 10571 
39 48 60 205 229 234 475 2168 2431 12929 13189 13534 
48 270 1905 6734 15046 
38 39 65 161 264 1188 1294 1557 1867 2238 
39 534 6150 7090 13174 13178 
32 36 38 39 1716 15051 
39 147 171 305 488 1393 1884 2080 2628 3258 5289 7273 9746 13019 
2 32 39 13052 
39 48 65 388 1874 5091 
39 48 332 543 1352 2182 3754 4317 12925 15034 
39 186 514 5560 7100 10491 10567 13494 
32 237 286 1143 2199 
37 38 39 48 60 1144 2667 3354 4547 4548 5248 10184 10862 
39 48 746 929 3321 6224 15033 
48 80 310 795 3311 3321 4407 4994 5510 5642 10446 12547 12929 12959 13174 13313 13437 15028 
32 681 
38 39 371 2821 
39 1360 2135 
36 38 237 407 640 764 826 831 1513 2840 4621 5982 12951 
39 570 3032 6219 
1439 1442 1444 2343 3292 4124 10943 12984 15102 
39 89 1333 7886 10862 
39 438 4883 
48 976 1897 2671 4407 5317 14833 
48 51 3362 
7 9 11 17 22 27 420 4026 4717 6974 11778 14659 
552 4297 
32 
39 48 475 2571 4162 12280 
1113 1165 1747 2926 10195 
1393 2506 2958 4424 6755 12007 
48 374 1126 10563 15017 
39 48 6810 
410 541 1404 1930 2833 12982 13032 
11 39 284 522 1360 1899 2193 3320 3321 5038 5314 6607 12959 15017 15054 15083 
681 1803 4896 
27 39 171 374 589 703 822 1126 2046 4983 8068 
39 48 136 237 248 491 522 548 549 2080 2998 5314 11124 
128 141 415 1000 1261 1595 1981 2212 2343 2902 3101 5672 7966 10513 
141 2300 2894 
39 48 249 5468 7548 14665 14975 
36 38 39 1713 14804 
80 237 1842 2300 
39 44 48 1769 1815 2103 2405 4146 4642 6542 7975 10232 10515 13334 14098 15009 15054 
533 2284 2505 8158 15080 
32 39 48 1638 3734 4144 4245 7331 
32 2363 2364 
32 39 48 597 694 3973 13569 14098 
48 1600 4771 8991 12929 
9 27 48 215 379 640 660 1250 2210 2566 3375 4994 13241 14573 
9 39 913 989 1000 1619 1677 2353 2813 3160 4594 12981 
39 48 53 956 1564 1600 1613 1714 1910 4115 4547 13194 
39 101 248 408 1930 2437 2763 3142 5038 
32 76 
9 337 550 793 1715 1755 2537 2538 5315 11531 
379 677 825 2133 4407 4807 6403 8040 12959 14168 15056 
39 13106 
2441 3676 4445 10764 11397 13700 
374 1141 1555 1598 2140 2630 3093 4582 5023 13270 
32 48 179 798 1126 2626 3451 6607 10446 10448 11203 12971 14804 15103 
39 1126 1647 2425 3314 8731 10651 10723 12929 13089 15104 
38 39 48 80 110 236 237 249 522 1035 1210 1714 1935 2746 3317 3495 3973 4203 4556 4886 6254 8186 12929 
48 351 357 405 815 3028 4744 12925 
48 248 15054 
39 117 533 755 969 1257 1447 1893 2424 2815 3636 4300 4571 4642 5105 13074 13089 
38 39 45 48 67 110 384 706 10442 12946 
39 593 12929 
48 664 1055 2389 5127 12943 
32 39 5072 
39 522 830 1126 1591 2051 4883 5038 9843 12932 
39 48 351 384 479 12925 12959 13174 
3488 4994 15025 
48 248 249 379 388 442 1144 2335 3333 3451 5038 5248 10567 10641 15033 
39 15046 15105 
38 39 48 110 166 304 683 684 4646 4744 6334 8985 
186 488 1755 2446 3217 6377 
36 38 39 48 170 351 1013 3067 
32 36 38 39 65 2008 4639 10446 13062 
32 614 859 1980 
38 110 8935 10600 12929 
36 38 39 48 643 12322 14017 14331 14545 
39 2874 3307 10491 10616 
32 39 42 48 185 475 805 979 1360 3319 3321 15106 
36 38 48 55 3272 
1 39 2371 
39 48 117 234 413 522 571 681 785 1126 1281 1360 2776 3420 4448 4873 4883 10612 12935 14545 14573 15052 
45 485 640 825 829 926 1425 2335 2839 10995 11522 15062 
38 110 123 
39 48 89 533 570 3827 6064 12925 15107 
32 39 48 1410 1497 5143 10792 12889 
39 48 248 6012 
18 32 39 48 65 186 225 270 271 420 438 1066 1561 1656 1708 1986 2075 2117 2118 2975 3294 3315 4927 4945 5152 10766 12933 14248 
48 77 499 548 3926 4984 5970 10425 10568 15032 15033 
2792 9925 13567 
248 284 15063 15091 
48 185 475 536 824 1435 2118 2350 3734 
39 48 664 760 3171 15052 
39 1393 13182 
36 38 48 79 250 282 13174 
39 48 84 185 2306 
38 39 170 338 649 2107 4272 
18 39 108 362 596 1196 1479 1874 2199 2663 4126 4990 5008 5098 10953 12952 13043 
38 48 78 105 195 
39 1930 2094 4258 6113 12361 
351 488 1905 2080 7158 13375 15102 
39 60 2241 10818 
48 584 2720 4811 4920 6244 7336 14573 
570 1280 
31 810 1048 1362 2767 4048 4975 6202 6895 14842 
39 48 438 475 812 4318 4945 
39 310 415 742 1082 1609 4299 5045 6201 6485 6911 11610 12929 13223 13892 
31 1910 6895 7559 
32 39 64 248 284 687 1152 1868 2335 3319 3877 5297 5543 5915 6082 7284 7540 13043 14896 15091 15101 
53 225 1020 1043 1637 1824 2105 2323 3006 3291 4141 10511 12981 
39 48 342 374 643 824 1591 1819 2080 2272 2464 3878 4488 
39 48 361 449 591 1755 2573 
39 752 3006 14347 
39 433 989 1390 3121 4630 12925 
39 96 522 1714 2800 3319 4811 4994 5038 15033 
9 45 62 89 229 243 259 319 413 518 817 1004 1085 1308 1343 1352 1638 2191 2393 2598 3034 3065 3351 3465 4174 4501 4582 4718 12929 12959 
39 48 53 101 399 405 565 695 875 1184 1994 2449 2830 2852 3194 3502 4278 4319 4517 4942 6751 7561 10128 10515 11502 13043 14612 
32 38 39 147 270 271 379 390 606 612 1004 1046 1062 1529 1646 1678 1814 3215 3616 3724 7932 14573 14933 
488 10195 
39 48 179 255 337 560 614 636 921 1072 1808 2609 2612 2626 2630 4698 4717 5407 5408 5524 5721 6359 12952 13277 14098 
39 65 101 260 408 479 522 560 652 880 1867 2202 2674 4308 5968 10446 10474 12991 14098 
39 48 89 259 425 519 522 544 1616 2286 2300 6751 6979 14051 
32 48 204 248 284 488 528 536 813 1725 2763 4056 4111 5953 
39 48 89 522 640 1773 2763 4994 5038 5510 13567 15045 
32 38 170 772 2115 2675 2785 2997 4841 10483 12951 13043 
39 213 4257 
32 39 379 388 807 828 2004 2399 2877 4383 10184 10862 12981 15033 15052 
32 764 1327 1740 2138 2184 2867 3171 3273 3418 3842 3891 4061 5665 7214 11809 
39 49 101 114 565 581 862 1714 1872 4336 